SRR8571581_1	X	19.0	20.0	21.0	22.0	23.0	24.0	25.0	26.0	27.0	28.0	29.0	30.0	31.0	32.0	33.0	34.0	35.0	36.0	37.0	38.0
SRR8571581_1	Y	1.0	2.0	2.0	19.0	17.0	25.0	36.0	40.0	53.0	52.0	79.0	92.0	110.0	161.0	229.0	292.0	497.0	957.0	2999.0	273.0
SRR8571581_2	X	15.0	16.0	17.0	18.0	19.0	20.0	21.0	22.0	23.0	24.0	25.0	26.0	27.0	28.0	29.0	30.0	31.0	32.0	33.0	34.0	35.0	36.0	37.0
SRR8571581_2	Y	3.0	3.0	14.0	21.0	32.0	32.0	40.0	48.0	64.0	65.0	125.0	141.0	207.0	238.0	300.0	381.0	431.0	552.0	636.0	716.0	828.0	781.0	278.0
SRR8571582_1	X	14.0	15.0	16.0	17.0	18.0	19.0	20.0	21.0	22.0	23.0	24.0	25.0	26.0	27.0	28.0	29.0	30.0	31.0	32.0	33.0	34.0	35.0	36.0	37.0	38.0
SRR8571582_1	Y	3.0	1.0	7.0	8.0	5.0	6.0	2.0	16.0	16.0	54.0	75.0	96.0	140.0	206.0	229.0	254.0	356.0	496.0	668.0	878.0	1376.0	1993.0	3878.0	12496.0	1203.0
SRR8571582_2	X	14.0	15.0	16.0	17.0	18.0	19.0	20.0	21.0	22.0	23.0	24.0	25.0	26.0	27.0	28.0	29.0	30.0	31.0	32.0	33.0	34.0	35.0	36.0	37.0	38.0
SRR8571582_2	Y	1.0	2.0	5.0	11.0	27.0	47.0	65.0	49.0	66.0	89.0	147.0	194.0	294.0	386.0	589.0	819.0	1155.0	1517.0	1963.0	2406.0	3094.0	3904.0	4778.0	2852.0	2.0
SRR8571583_1	X	13.0	14.0	15.0	16.0	17.0	18.0	19.0	20.0	21.0	22.0	23.0	24.0	25.0	26.0	27.0	28.0	29.0	30.0	31.0	32.0	33.0	34.0	35.0	36.0	37.0	38.0
SRR8571583_1	Y	1.0	11.0	18.0	19.0	17.0	13.0	5.0	2.0	2.0	12.0	41.0	77.0	88.0	82.0	96.0	96.0	142.0	149.0	203.0	281.0	332.0	357.0	508.0	922.0	2046.0	30.0
SRR8571583_2	X	14.0	15.0	16.0	17.0	18.0	19.0	20.0	21.0	22.0	23.0	24.0	25.0	26.0	27.0	28.0	29.0	30.0	31.0	32.0	33.0	34.0	35.0	36.0	37.0
SRR8571583_2	Y	4.0	32.0	24.0	34.0	25.0	22.0	32.0	52.0	62.0	78.0	128.0	230.0	319.0	478.0	659.0	730.0	544.0	471.0	413.0	413.0	280.0	249.0	200.0	71.0
SRR8571584_1	X	18.0	19.0	20.0	21.0	22.0	23.0	24.0	25.0	26.0	27.0	28.0	29.0	30.0	31.0	32.0	33.0	34.0	35.0	36.0	37.0	38.0
SRR8571584_1	Y	2.0	1.0	5.0	7.0	36.0	80.0	149.0	182.0	215.0	238.0	326.0	401.0	544.0	727.0	980.0	1283.0	1791.0	2765.0	5198.0	15486.0	290.0
SRR8571584_2	X	15.0	16.0	17.0	18.0	19.0	20.0	21.0	22.0	23.0	24.0	25.0	26.0	27.0	28.0	29.0	30.0	31.0	32.0	33.0	34.0	35.0	36.0	37.0
SRR8571584_2	Y	3.0	8.0	39.0	93.0	103.0	169.0	215.0	309.0	458.0	685.0	1041.0	1530.0	2145.0	3093.0	3426.0	2202.0	2357.0	2482.0	2444.0	2465.0	2678.0	2178.0	583.0
SRR8571585_1	X	18.0	19.0	20.0	21.0	22.0	23.0	24.0	25.0	26.0	27.0	28.0	29.0	30.0	31.0	32.0	33.0	34.0	35.0	36.0	37.0	38.0
SRR8571585_1	Y	1.0	4.0	10.0	39.0	66.0	107.0	170.0	207.0	281.0	333.0	421.0	503.0	644.0	771.0	927.0	1191.0	1370.0	1749.0	2374.0	1417.0	1.0
SRR8571585_2	X	13.0	14.0	15.0	16.0	17.0	18.0	19.0	20.0	21.0	22.0	23.0	24.0	25.0	26.0	27.0	28.0	29.0	30.0	31.0	32.0	33.0	34.0	35.0	36.0	37.0
SRR8571585_2	Y	1.0	0.0	1.0	17.0	23.0	45.0	60.0	77.0	168.0	225.0	324.0	479.0	699.0	898.0	1021.0	1173.0	1178.0	1240.0	1266.0	1280.0	1104.0	808.0	399.0	99.0	1.0
SRR8571586_1	X	15.0	16.0	17.0	18.0	19.0	20.0	21.0	22.0	23.0	24.0	25.0	26.0	27.0	28.0	29.0	30.0	31.0	32.0	33.0	34.0	35.0	36.0	37.0	38.0
SRR8571586_1	Y	1.0	0.0	0.0	2.0	3.0	2.0	18.0	41.0	57.0	106.0	157.0	195.0	273.0	368.0	454.0	603.0	832.0	1154.0	1626.0	2274.0	3474.0	5849.0	19953.0	2041.0
SRR8571586_2	X	15.0	16.0	17.0	18.0	19.0	20.0	21.0	22.0	23.0	24.0	25.0	26.0	27.0	28.0	29.0	30.0	31.0	32.0	33.0	34.0	35.0	36.0	37.0
SRR8571586_2	Y	7.0	24.0	37.0	67.0	97.0	98.0	161.0	191.0	278.0	348.0	497.0	653.0	929.0	1261.0	1549.0	2031.0	2577.0	3333.0	4028.0	5132.0	6291.0	7013.0	2881.0
SRR8571587_1	X	18.0	19.0	20.0	21.0	22.0	23.0	24.0	25.0	26.0	27.0	28.0	29.0	30.0	31.0	32.0	33.0	34.0	35.0	36.0	37.0	38.0
SRR8571587_1	Y	2.0	2.0	12.0	19.0	49.0	176.0	256.0	327.0	328.0	433.0	562.0	682.0	878.0	1157.0	1603.0	2100.0	3050.0	4939.0	9904.0	29331.0	153.0
SRR8571587_2	X	15.0	16.0	17.0	18.0	19.0	20.0	21.0	22.0	23.0	24.0	25.0	26.0	27.0	28.0	29.0	30.0	31.0	32.0	33.0	34.0	35.0	36.0	37.0
SRR8571587_2	Y	3.0	20.0	57.0	145.0	217.0	326.0	446.0	614.0	897.0	1437.0	2259.0	3431.0	4803.0	7237.0	7418.0	4165.0	4188.0	4134.0	3905.0	3614.0	3478.0	2554.0	615.0
SRR8571588_1	X	15.0	16.0	17.0	18.0	19.0	20.0	21.0	22.0	23.0	24.0	25.0	26.0	27.0	28.0	29.0	30.0	31.0	32.0	33.0	34.0	35.0	36.0	37.0	38.0
SRR8571588_1	Y	1.0	0.0	0.0	0.0	0.0	10.0	22.0	52.0	265.0	354.0	456.0	568.0	678.0	785.0	945.0	1238.0	1706.0	2327.0	3181.0	4633.0	7211.0	14106.0	44617.0	1460.0
SRR8571588_2	X	14.0	15.0	16.0	17.0	18.0	19.0	20.0	21.0	22.0	23.0	24.0	25.0	26.0	27.0	28.0	29.0	30.0	31.0	32.0	33.0	34.0	35.0	36.0	37.0
SRR8571588_2	Y	2.0	6.0	25.0	107.0	278.0	410.0	465.0	585.0	785.0	1072.0	1616.0	2300.0	3315.0	4745.0	6675.0	7543.0	5912.0	6630.0	7271.0	7787.0	8372.0	8715.0	7587.0	2412.0
SRR8571589_1	X	21.0	22.0	23.0	24.0	25.0	26.0	27.0	28.0	29.0	30.0	31.0	32.0	33.0	34.0	35.0	36.0	37.0	38.0
SRR8571589_1	Y	2.0	7.0	12.0	18.0	18.0	24.0	28.0	28.0	33.0	46.0	51.0	64.0	82.0	114.0	182.0	327.0	1225.0	63.0
SRR8571589_2	X	16.0	17.0	18.0	19.0	20.0	21.0	22.0	23.0	24.0	25.0	26.0	27.0	28.0	29.0	30.0	31.0	32.0	33.0	34.0	35.0	36.0	37.0
SRR8571589_2	Y	4.0	9.0	11.0	20.0	16.0	16.0	11.0	26.0	37.0	45.0	57.0	81.0	94.0	107.0	133.0	161.0	203.0	258.0	300.0	320.0	317.0	98.0
SRR8571590_1	X	16.0	17.0	18.0	19.0	20.0	21.0	22.0	23.0	24.0	25.0	26.0	27.0	28.0	29.0	30.0	31.0	32.0	33.0	34.0	35.0	36.0	37.0	38.0
SRR8571590_1	Y	1.0	1.0	1.0	6.0	14.0	41.0	96.0	145.0	144.0	201.0	215.0	299.0	383.0	459.0	546.0	655.0	790.0	918.0	1067.0	1139.0	1381.0	3204.0	276.0
SRR8571590_2	X	14.0	15.0	16.0	17.0	18.0	19.0	20.0	21.0	22.0	23.0	24.0	25.0	26.0	27.0	28.0	29.0	30.0	31.0	32.0	33.0	34.0	35.0	36.0	37.0
SRR8571590_2	Y	2.0	19.0	47.0	117.0	144.0	180.0	234.0	313.0	389.0	526.0	593.0	629.0	648.0	656.0	718.0	745.0	731.0	774.0	794.0	805.0	889.0	887.0	855.0	287.0
SRR8571591_1	X	20.0	21.0	22.0	23.0	24.0	25.0	26.0	27.0	28.0	29.0	30.0	31.0	32.0	33.0	34.0	35.0	36.0	37.0	38.0
SRR8571591_1	Y	2.0	8.0	16.0	28.0	44.0	42.0	42.0	47.0	74.0	82.0	112.0	130.0	163.0	196.0	196.0	238.0	260.0	174.0	1.0
SRR8571591_2	X	15.0	16.0	17.0	18.0	19.0	20.0	21.0	22.0	23.0	24.0	25.0	26.0	27.0	28.0	29.0	30.0	31.0	32.0	33.0	34.0	35.0	36.0
SRR8571591_2	Y	3.0	5.0	15.0	35.0	56.0	67.0	67.0	99.0	113.0	137.0	195.0	173.0	205.0	164.0	151.0	137.0	93.0	70.0	44.0	19.0	5.0	2.0
SRR8571592_1	X	15.0	16.0	17.0	18.0	19.0	20.0	21.0	22.0	23.0	24.0	25.0	26.0	27.0	28.0	29.0	30.0	31.0	32.0	33.0	34.0	35.0	36.0	37.0	38.0
SRR8571592_1	Y	1.0	0.0	3.0	5.0	20.0	91.0	240.0	996.0	2774.0	4125.0	5068.0	6013.0	7443.0	9093.0	11416.0	14492.0	18975.0	24350.0	31709.0	40820.0	53614.0	79524.0	174069.0	4637.0
SRR8571592_2	X	14.0	15.0	16.0	17.0	18.0	19.0	20.0	21.0	22.0	23.0	24.0	25.0	26.0	27.0	28.0	29.0	30.0	31.0	32.0	33.0	34.0	35.0	36.0	37.0
SRR8571592_2	Y	3.0	25.0	66.0	258.0	846.0	1462.0	2053.0	2979.0	4064.0	6261.0	9398.0	14519.0	21708.0	31595.0	45095.0	61500.0	49885.0	47882.0	43772.0	35360.0	31549.0	33373.0	34840.0	10985.0
SRR8571593_1	X	13.0	14.0	15.0	16.0	17.0	18.0	19.0	20.0	21.0	22.0	23.0	24.0	25.0	26.0	27.0	28.0	29.0	30.0	31.0	32.0	33.0	34.0	35.0	36.0	37.0	38.0
SRR8571593_1	Y	1.0	5.0	17.0	26.0	17.0	11.0	6.0	6.0	4.0	12.0	24.0	26.0	40.0	47.0	66.0	59.0	77.0	88.0	145.0	177.0	256.0	295.0	378.0	598.0	2179.0	315.0
SRR8571593_2	X	14.0	15.0	16.0	17.0	18.0	19.0	20.0	21.0	22.0	23.0	24.0	25.0	26.0	27.0	28.0	29.0	30.0	31.0	32.0	33.0	34.0	35.0	36.0	37.0	38.0
SRR8571593_2	Y	3.0	15.0	37.0	20.0	21.0	30.0	22.0	22.0	34.0	33.0	46.0	52.0	76.0	74.0	117.0	141.0	219.0	265.0	317.0	422.0	543.0	661.0	1006.0	698.0	1.0
SRR8571594_1	X	14.0	15.0	16.0	17.0	18.0	19.0	20.0	21.0	22.0	23.0	24.0	25.0	26.0	27.0	28.0	29.0	30.0	31.0	32.0	33.0	34.0	35.0	36.0	37.0	38.0
SRR8571594_1	Y	6.0	15.0	23.0	21.0	14.0	9.0	11.0	17.0	45.0	100.0	189.0	227.0	295.0	325.0	410.0	471.0	661.0	826.0	1066.0	1293.0	1905.0	2858.0	5832.0	18193.0	61.0
SRR8571594_2	X	13.0	14.0	15.0	16.0	17.0	18.0	19.0	20.0	21.0	22.0	23.0	24.0	25.0	26.0	27.0	28.0	29.0	30.0	31.0	32.0	33.0	34.0	35.0	36.0	37.0
SRR8571594_2	Y	1.0	4.0	20.0	41.0	63.0	103.0	116.0	161.0	190.0	266.0	361.0	501.0	985.0	1540.0	2453.0	3743.0	4411.0	2519.0	2697.0	2787.0	2967.0	3001.0	2801.0	2477.0	665.0
SRR8571595_1	X	14.0	15.0	16.0	17.0	18.0	19.0	20.0	21.0	22.0	23.0	24.0	25.0	26.0	27.0	28.0	29.0	30.0	31.0	32.0	33.0	34.0	35.0	36.0	37.0	38.0
SRR8571595_1	Y	8.0	26.0	38.0	24.0	12.0	5.0	4.0	7.0	4.0	13.0	10.0	15.0	13.0	13.0	18.0	18.0	22.0	29.0	29.0	32.0	41.0	65.0	67.0	130.0	3.0
SRR8571595_2	X	13.0	14.0	15.0	16.0	17.0	18.0	19.0	20.0	21.0	22.0	23.0	24.0	25.0	26.0	27.0	28.0	29.0	30.0	31.0	32.0	33.0	34.0	35.0	36.0	37.0
SRR8571595_2	Y	1.0	2.0	30.0	45.0	30.0	35.0	30.0	25.0	28.0	29.0	46.0	33.0	37.0	41.0	33.0	28.0	25.0	26.0	16.0	24.0	18.0	22.0	20.0	19.0	3.0
SRR8571596_1	X	19.0	20.0	21.0	22.0	23.0	24.0	25.0	26.0	27.0	28.0	29.0	30.0	31.0	32.0	33.0	34.0	35.0	36.0	37.0	38.0
SRR8571596_1	Y	1.0	4.0	10.0	45.0	107.0	127.0	154.0	145.0	164.0	204.0	231.0	313.0	391.0	468.0	550.0	779.0	1151.0	2002.0	4765.0	4.0
SRR8571596_2	X	14.0	15.0	16.0	17.0	18.0	19.0	20.0	21.0	22.0	23.0	24.0	25.0	26.0	27.0	28.0	29.0	30.0	31.0	32.0	33.0	34.0	35.0	36.0	37.0
SRR8571596_2	Y	1.0	1.0	13.0	41.0	65.0	92.0	130.0	179.0	231.0	322.0	402.0	606.0	756.0	974.0	1296.0	1451.0	947.0	895.0	907.0	728.0	624.0	540.0	357.0	57.0
SRR8571597_1	X	17.0	18.0	19.0	20.0	21.0	22.0	23.0	24.0	25.0	26.0	27.0	28.0	29.0	30.0	31.0	32.0	33.0	34.0	35.0	36.0	37.0	38.0
SRR8571597_1	Y	1.0	0.0	1.0	7.0	23.0	60.0	187.0	231.0	310.0	329.0	394.0	424.0	605.0	712.0	1038.0	1285.0	1679.0	2497.0	3803.0	7341.0	20912.0	271.0
SRR8571597_2	X	15.0	16.0	17.0	18.0	19.0	20.0	21.0	22.0	23.0	24.0	25.0	26.0	27.0	28.0	29.0	30.0	31.0	32.0	33.0	34.0	35.0	36.0	37.0
SRR8571597_2	Y	1.0	16.0	50.0	120.0	178.0	221.0	300.0	437.0	647.0	955.0	1394.0	2072.0	3080.0	4420.0	5432.0	3453.0	3536.0	3627.0	3338.0	3075.0	3090.0	2267.0	401.0
SRR8571598_1	X	20.0	21.0	22.0	23.0	24.0	25.0	26.0	27.0	28.0	29.0	30.0	31.0	32.0	33.0	34.0	35.0	36.0	37.0	38.0
SRR8571598_1	Y	8.0	20.0	73.0	248.0	360.0	407.0	484.0	564.0	697.0	892.0	1116.0	1496.0	1996.0	2740.0	4062.0	6078.0	11755.0	31440.0	1248.0
SRR8571598_2	X	15.0	16.0	17.0	18.0	19.0	20.0	21.0	22.0	23.0	24.0	25.0	26.0	27.0	28.0	29.0	30.0	31.0	32.0	33.0	34.0	35.0	36.0	37.0
SRR8571598_2	Y	2.0	3.0	28.0	120.0	184.0	280.0	382.0	614.0	884.0	1124.0	1609.0	2199.0	2944.0	3746.0	4490.0	4814.0	5661.0	6053.0	6559.0	7196.0	7722.0	7242.0	1828.0
SRR8571599_1	X	19.0	20.0	21.0	22.0	23.0	24.0	25.0	26.0	27.0	28.0	29.0	30.0	31.0	32.0	33.0	34.0	35.0	36.0	37.0	38.0
SRR8571599_1	Y	1.0	10.0	15.0	53.0	211.0	375.0	530.0	679.0	791.0	1006.0	1314.0	1712.0	2496.0	3445.0	4757.0	6887.0	9987.0	20270.0	34119.0	1006.0
SRR8571599_2	X	15.0	16.0	17.0	18.0	19.0	20.0	21.0	22.0	23.0	24.0	25.0	26.0	27.0	28.0	29.0	30.0	31.0	32.0	33.0	34.0	35.0	36.0	37.0
SRR8571599_2	Y	3.0	9.0	60.0	131.0	255.0	319.0	419.0	567.0	785.0	1116.0	1496.0	1923.0	2530.0	3196.0	3925.0	5081.0	6318.0	7979.0	9628.0	11823.0	14257.0	14548.0	3296.0
SRR8571600_1	X	19.0	20.0	21.0	22.0	23.0	24.0	25.0	26.0	27.0	28.0	29.0	30.0	31.0	32.0	33.0	34.0	35.0	36.0	37.0	38.0
SRR8571600_1	Y	2.0	2.0	37.0	118.0	345.0	471.0	539.0	614.0	711.0	782.0	978.0	1270.0	1639.0	2197.0	3144.0	4499.0	6931.0	12871.0	45786.0	1028.0
SRR8571600_2	X	14.0	15.0	16.0	17.0	18.0	19.0	20.0	21.0	22.0	23.0	24.0	25.0	26.0	27.0	28.0	29.0	30.0	31.0	32.0	33.0	34.0	35.0	36.0	37.0
SRR8571600_2	Y	2.0	3.0	3.0	37.0	124.0	210.0	339.0	426.0	610.0	851.0	1112.0	1568.0	2166.0	2748.0	3603.0	4573.0	5215.0	6223.0	7107.0	8378.0	9838.0	11317.0	12314.0	5197.0
SRR8571601_1	X	18.0	19.0	20.0	21.0	22.0	23.0	24.0	25.0	26.0	27.0	28.0	29.0	30.0	31.0	32.0	33.0	34.0	35.0	36.0	37.0	38.0
SRR8571601_1	Y	1.0	2.0	13.0	39.0	146.0	481.0	845.0	1029.0	1099.0	1195.0	1441.0	1743.0	2234.0	2996.0	4184.0	5549.0	7658.0	11361.0	21581.0	54337.0	2616.0
SRR8571601_2	X	14.0	15.0	16.0	17.0	18.0	19.0	20.0	21.0	22.0	23.0	24.0	25.0	26.0	27.0	28.0	29.0	30.0	31.0	32.0	33.0	34.0	35.0	36.0	37.0
SRR8571601_2	Y	2.0	5.0	41.0	147.0	341.0	491.0	652.0	825.0	1019.0	1429.0	1907.0	2691.0	3509.0	4567.0	5549.0	6789.0	7856.0	8987.0	10304.0	12007.0	14216.0	15900.0	16156.0	5160.0
SRR8571602_1	X	19.0	20.0	21.0	22.0	23.0	24.0	25.0	26.0	27.0	28.0	29.0	30.0	31.0	32.0	33.0	34.0	35.0	36.0	37.0	38.0
SRR8571602_1	Y	3.0	6.0	25.0	128.0	153.0	191.0	232.0	258.0	361.0	385.0	511.0	704.0	860.0	1156.0	1721.0	2461.0	3932.0	7532.0	24452.0	848.0
SRR8571602_2	X	15.0	16.0	17.0	18.0	19.0	20.0	21.0	22.0	23.0	24.0	25.0	26.0	27.0	28.0	29.0	30.0	31.0	32.0	33.0	34.0	35.0	36.0	37.0
SRR8571602_2	Y	8.0	25.0	61.0	123.0	166.0	210.0	232.0	332.0	470.0	666.0	996.0	1547.0	2236.0	3295.0	4001.0	2804.0	3246.0	3759.0	4369.0	4928.0	5519.0	5392.0	1534.0
SRR8571603_1	X	18.0	19.0	20.0	21.0	22.0	23.0	24.0	25.0	26.0	27.0	28.0	29.0	30.0	31.0	32.0	33.0	34.0	35.0	36.0	37.0	38.0
SRR8571603_1	Y	2.0	0.0	10.0	9.0	49.0	119.0	197.0	214.0	249.0	326.0	373.0	461.0	562.0	695.0	907.0	1283.0	1811.0	2931.0	5728.0	16300.0	82.0
SRR8571603_2	X	14.0	15.0	16.0	17.0	18.0	19.0	20.0	21.0	22.0	23.0	24.0	25.0	26.0	27.0	28.0	29.0	30.0	31.0	32.0	33.0	34.0	35.0	36.0	37.0
SRR8571603_2	Y	1.0	2.0	17.0	43.0	97.0	149.0	177.0	246.0	350.0	480.0	716.0	1165.0	1903.0	2597.0	3979.0	4632.0	2301.0	2245.0	2347.0	2267.0	2191.0	2150.0	1774.0	479.0
SRR8571604_1	X	18.0	19.0	20.0	21.0	22.0	23.0	24.0	25.0	26.0	27.0	28.0	29.0	30.0	31.0	32.0	33.0	34.0	35.0	36.0	37.0	38.0
SRR8571604_1	Y	1.0	2.0	21.0	66.0	244.0	697.0	1037.0	1117.0	1250.0	1476.0	1654.0	1979.0	2529.0	3165.0	4112.0	5512.0	7409.0	11490.0	22673.0	52598.0	291.0
SRR8571604_2	X	15.0	16.0	17.0	18.0	19.0	20.0	21.0	22.0	23.0	24.0	25.0	26.0	27.0	28.0	29.0	30.0	31.0	32.0	33.0	34.0	35.0	36.0	37.0
SRR8571604_2	Y	6.0	46.0	141.0	338.0	436.0	581.0	775.0	1158.0	1565.0	2483.0	3859.0	6029.0	8838.0	13427.0	19247.0	15856.0	14719.0	12272.0	7603.0	3961.0	2792.0	2319.0	872.0
SRR8571605_1	X	18.0	19.0	20.0	21.0	22.0	23.0	24.0	25.0	26.0	27.0	28.0	29.0	30.0	31.0	32.0	33.0	34.0	35.0	36.0	37.0	38.0
SRR8571605_1	Y	2.0	2.0	12.0	33.0	86.0	176.0	254.0	310.0	382.0	344.0	474.0	576.0	764.0	882.0	1190.0	1603.0	2069.0	3012.0	5210.0	15572.0	594.0
SRR8571605_2	X	15.0	16.0	17.0	18.0	19.0	20.0	21.0	22.0	23.0	24.0	25.0	26.0	27.0	28.0	29.0	30.0	31.0	32.0	33.0	34.0	35.0	36.0	37.0
SRR8571605_2	Y	8.0	42.0	86.0	112.0	196.0	212.0	305.0	369.0	456.0	628.0	851.0	1067.0	1338.0	1664.0	2102.0	2410.0	2781.0	3160.0	3232.0	3401.0	3638.0	3964.0	1525.0
SRR8571606_1	X	15.0	16.0	17.0	18.0	19.0	20.0	21.0	22.0	23.0	24.0	25.0	26.0	27.0	28.0	29.0	30.0	31.0	32.0	33.0	34.0	35.0	36.0	37.0	38.0
SRR8571606_1	Y	2.0	1.0	0.0	2.0	4.0	37.0	101.0	521.0	1738.0	2271.0	2275.0	2351.0	2660.0	3073.0	3590.0	4433.0	5382.0	6707.0	8900.0	12397.0	19275.0	35109.0	83352.0	420.0
SRR8571606_2	X	14.0	15.0	16.0	17.0	18.0	19.0	20.0	21.0	22.0	23.0	24.0	25.0	26.0	27.0	28.0	29.0	30.0	31.0	32.0	33.0	34.0	35.0	36.0	37.0
SRR8571606_2	Y	2.0	14.0	111.0	421.0	879.0	1134.0	1621.0	2204.0	2982.0	4204.0	6135.0	9642.0	13855.0	18950.0	25312.0	32032.0	22707.0	19281.0	14305.0	7932.0	4290.0	3245.0	2607.0	736.0
SRR8571607_1	X	18.0	19.0	20.0	21.0	22.0	23.0	24.0	25.0	26.0	27.0	28.0	29.0	30.0	31.0	32.0	33.0	34.0	35.0	36.0	37.0	38.0
SRR8571607_1	Y	1.0	4.0	15.0	23.0	69.0	81.0	137.0	198.0	248.0	315.0	404.0	523.0	604.0	696.0	948.0	1201.0	1403.0	1881.0	2629.0	2400.0	9.0
SRR8571607_2	X	15.0	16.0	17.0	18.0	19.0	20.0	21.0	22.0	23.0	24.0	25.0	26.0	27.0	28.0	29.0	30.0	31.0	32.0	33.0	34.0	35.0	36.0	37.0
SRR8571607_2	Y	1.0	7.0	14.0	20.0	16.0	28.0	56.0	60.0	103.0	146.0	282.0	366.0	559.0	763.0	946.0	1122.0	1320.0	1509.0	1793.0	1906.0	1692.0	980.0	100.0
SRR8571608_1	X	18.0	19.0	20.0	21.0	22.0	23.0	24.0	25.0	26.0	27.0	28.0	29.0	30.0	31.0	32.0	33.0	34.0	35.0	36.0	37.0	38.0
SRR8571608_1	Y	3.0	13.0	47.0	114.0	249.0	441.0	646.0	815.0	914.0	1175.0	1368.0	1630.0	1950.0	2269.0	2446.0	3075.0	3758.0	5095.0	7533.0	6027.0	9.0
SRR8571608_2	X	11.0	12.0	13.0	14.0	15.0	16.0	17.0	18.0	19.0	20.0	21.0	22.0	23.0	24.0	25.0	26.0	27.0	28.0	29.0	30.0	31.0	32.0	33.0	34.0	35.0	36.0	37.0
SRR8571608_2	Y	1.0	3.0	3.0	1.0	1.0	13.0	30.0	55.0	78.0	151.0	262.0	505.0	952.0	1680.0	2548.0	3535.0	4509.0	4878.0	3282.0	2723.0	2614.0	2736.0	2842.0	2842.0	2244.0	1009.0	80.0
SRR8571609_1	X	18.0	19.0	20.0	21.0	22.0	23.0	24.0	25.0	26.0	27.0	28.0	29.0	30.0	31.0	32.0	33.0	34.0	35.0	36.0	37.0	38.0
SRR8571609_1	Y	1.0	15.0	95.0	233.0	562.0	877.0	1098.0	1354.0	1657.0	1973.0	2347.0	2679.0	3094.0	3448.0	4047.0	4872.0	6116.0	8244.0	12519.0	10651.0	18.0
SRR8571609_2	X	10.0	11.0	12.0	13.0	14.0	15.0	16.0	17.0	18.0	19.0	20.0	21.0	22.0	23.0	24.0	25.0	26.0	27.0	28.0	29.0	30.0	31.0	32.0	33.0	34.0	35.0	36.0	37.0
SRR8571609_2	Y	3.0	2.0	3.0	2.0	1.0	8.0	43.0	108.0	160.0	266.0	431.0	828.0	1444.0	2455.0	3956.0	5347.0	6552.0	7565.0	7291.0	5089.0	4311.0	4037.0	4121.0	4143.0	3862.0	2792.0	1008.0	72.0
SRR8571610_1	X	17.0	18.0	19.0	20.0	21.0	22.0	23.0	24.0	25.0	26.0	27.0	28.0	29.0	30.0	31.0	32.0	33.0	34.0	35.0	36.0	37.0	38.0
SRR8571610_1	Y	3.0	3.0	19.0	63.0	161.0	417.0	691.0	963.0	1115.0	1415.0	1683.0	1929.0	2355.0	2853.0	3544.0	4163.0	5081.0	6476.0	8510.0	12402.0	9603.0	24.0
SRR8571610_2	X	9.0	10.0	11.0	12.0	13.0	14.0	15.0	16.0	17.0	18.0	19.0	20.0	21.0	22.0	23.0	24.0	25.0	26.0	27.0	28.0	29.0	30.0	31.0	32.0	33.0	34.0	35.0	36.0	37.0
SRR8571610_2	Y	1.0	0.0	1.0	1.0	1.0	1.0	7.0	22.0	45.0	84.0	93.0	157.0	264.0	416.0	743.0	1439.0	2410.0	3562.0	5083.0	6540.0	5260.0	4704.0	4824.0	5170.0	5888.0	6446.0	6289.0	3629.0	393.0
SRR8571611_1	X	18.0	19.0	20.0	21.0	22.0	23.0	24.0	25.0	26.0	27.0	28.0	29.0	30.0	31.0	32.0	33.0	34.0	35.0	36.0	37.0	38.0
SRR8571611_1	Y	5.0	16.0	61.0	155.0	344.0	579.0	759.0	963.0	1078.0	1346.0	1622.0	1896.0	2167.0	2579.0	3004.0	3563.0	4384.0	5824.0	8347.0	6555.0	13.0
SRR8571611_2	X	9.0	10.0	11.0	12.0	13.0	14.0	15.0	16.0	17.0	18.0	19.0	20.0	21.0	22.0	23.0	24.0	25.0	26.0	27.0	28.0	29.0	30.0	31.0	32.0	33.0	34.0	35.0	36.0	37.0
SRR8571611_2	Y	1.0	0.0	0.0	2.0	1.0	2.0	8.0	24.0	50.0	70.0	106.0	153.0	237.0	423.0	701.0	1178.0	1939.0	2643.0	3616.0	4434.0	3860.0	3502.0	3390.0	3571.0	4049.0	4278.0	4203.0	2507.0	312.0
SRR8571612_1	X	18.0	19.0	20.0	21.0	22.0	23.0	24.0	25.0	26.0	27.0	28.0	29.0	30.0	31.0	32.0	33.0	34.0	35.0	36.0	37.0	38.0
SRR8571612_1	Y	2.0	30.0	51.0	162.0	329.0	630.0	761.0	1013.0	1287.0	1580.0	1831.0	2131.0	2332.0	2436.0	2724.0	3154.0	3868.0	4974.0	7332.0	7807.0	15.0
SRR8571612_2	X	12.0	13.0	14.0	15.0	16.0	17.0	18.0	19.0	20.0	21.0	22.0	23.0	24.0	25.0	26.0	27.0	28.0	29.0	30.0	31.0	32.0	33.0	34.0	35.0	36.0	37.0
SRR8571612_2	Y	1.0	1.0	0.0	1.0	11.0	34.0	49.0	69.0	91.0	104.0	165.0	281.0	445.0	749.0	1108.0	1613.0	2426.0	2980.0	3808.0	4256.0	5088.0	5649.0	6243.0	5621.0	3301.0	355.0
SRR8571613_1	X	18.0	19.0	20.0	21.0	22.0	23.0	24.0	25.0	26.0	27.0	28.0	29.0	30.0	31.0	32.0	33.0	34.0	35.0	36.0	37.0	38.0
SRR8571613_1	Y	2.0	4.0	8.0	25.0	71.0	126.0	212.0	247.0	344.0	495.0	635.0	778.0	985.0	1329.0	1773.0	2506.0	3659.0	5105.0	9234.0	26654.0	2309.0
SRR8571613_2	X	14.0	15.0	16.0	17.0	18.0	19.0	20.0	21.0	22.0	23.0	24.0	25.0	26.0	27.0	28.0	29.0	30.0	31.0	32.0	33.0	34.0	35.0	36.0	37.0
SRR8571613_2	Y	1.0	9.0	51.0	94.0	144.0	169.0	216.0	316.0	340.0	525.0	689.0	859.0	1169.0	1655.0	2087.0	2646.0	3271.0	3970.0	4988.0	5865.0	6766.0	8026.0	8769.0	3876.0
SRR8571614_1	X	19.0	20.0	21.0	22.0	23.0	24.0	25.0	26.0	27.0	28.0	29.0	30.0	31.0	32.0	33.0	34.0	35.0	36.0	37.0
SRR8571614_1	Y	4.0	10.0	17.0	63.0	120.0	146.0	199.0	251.0	322.0	414.0	508.0	616.0	827.0	1019.0	1257.0	1547.0	1933.0	2727.0	1585.0
SRR8571614_2	X	15.0	16.0	17.0	18.0	19.0	20.0	21.0	22.0	23.0	24.0	25.0	26.0	27.0	28.0	29.0	30.0	31.0	32.0	33.0	34.0	35.0	36.0	37.0
SRR8571614_2	Y	1.0	7.0	18.0	22.0	32.0	48.0	64.0	74.0	120.0	172.0	290.0	381.0	542.0	748.0	984.0	1186.0	1414.0	1581.0	1765.0	1843.0	1533.0	691.0	49.0
SRR8571615_1	X	18.0	19.0	20.0	21.0	22.0	23.0	24.0	25.0	26.0	27.0	28.0	29.0	30.0	31.0	32.0	33.0	34.0	35.0	36.0	37.0
SRR8571615_1	Y	1.0	4.0	12.0	41.0	70.0	119.0	192.0	226.0	319.0	436.0	495.0	651.0	871.0	1032.0	1331.0	1733.0	2103.0	2744.0	4220.0	3114.0
SRR8571615_2	X	15.0	16.0	17.0	18.0	19.0	20.0	21.0	22.0	23.0	24.0	25.0	26.0	27.0	28.0	29.0	30.0	31.0	32.0	33.0	34.0	35.0	36.0	37.0
SRR8571615_2	Y	2.0	10.0	19.0	24.0	45.0	63.0	86.0	127.0	212.0	340.0	543.0	766.0	1103.0	1361.0	1476.0	1622.0	1871.0	2093.0	2378.0	2591.0	2109.0	801.0	72.0
SRR8571616_1	X	18.0	19.0	20.0	21.0	22.0	23.0	24.0	25.0	26.0	27.0	28.0	29.0	30.0	31.0	32.0	33.0	34.0	35.0	36.0	37.0	38.0
SRR8571616_1	Y	3.0	0.0	19.0	33.0	65.0	97.0	156.0	228.0	282.0	358.0	475.0	574.0	704.0	925.0	1271.0	1466.0	1867.0	2436.0	3343.0	2072.0	2.0
SRR8571616_2	X	11.0	12.0	13.0	14.0	15.0	16.0	17.0	18.0	19.0	20.0	21.0	22.0	23.0	24.0	25.0	26.0	27.0	28.0	29.0	30.0	31.0	32.0	33.0	34.0	35.0	36.0	37.0
SRR8571616_2	Y	1.0	0.0	1.0	0.0	1.0	6.0	17.0	24.0	29.0	51.0	68.0	115.0	207.0	299.0	463.0	681.0	914.0	1129.0	1357.0	1724.0	1780.0	2016.0	2046.0	1787.0	1185.0	453.0	22.0
SRR8571617_1	X	20.0	21.0	22.0	23.0	24.0	25.0	26.0	27.0	28.0	29.0	30.0	31.0	32.0	33.0	34.0	35.0	36.0	37.0
SRR8571617_1	Y	2.0	3.0	8.0	23.0	37.0	34.0	37.0	44.0	47.0	61.0	82.0	104.0	146.0	167.0	230.0	268.0	251.0	176.0
SRR8571617_2	X	15.0	16.0	17.0	18.0	19.0	20.0	21.0	22.0	23.0	24.0	25.0	26.0	27.0	28.0	29.0	30.0	31.0	32.0	33.0	34.0	35.0	36.0	37.0
SRR8571617_2	Y	1.0	1.0	7.0	8.0	30.0	47.0	86.0	90.0	124.0	156.0	184.0	196.0	162.0	149.0	124.0	101.0	94.0	78.0	36.0	31.0	10.0	3.0	2.0
SRR8571618_1	X	19.0	20.0	21.0	22.0	23.0	24.0	25.0	26.0	27.0	28.0	29.0	30.0	31.0	32.0	33.0	34.0	35.0	36.0	37.0	38.0
SRR8571618_1	Y	3.0	7.0	17.0	69.0	140.0	218.0	243.0	299.0	341.0	390.0	523.0	665.0	829.0	1135.0	1519.0	2171.0	3294.0	6254.0	18044.0	68.0
SRR8571618_2	X	14.0	15.0	16.0	17.0	18.0	19.0	20.0	21.0	22.0	23.0	24.0	25.0	26.0	27.0	28.0	29.0	30.0	31.0	32.0	33.0	34.0	35.0	36.0	37.0
SRR8571618_2	Y	1.0	2.0	19.0	55.0	119.0	173.0	273.0	294.0	452.0	648.0	892.0	1347.0	1945.0	2794.0	3951.0	4275.0	2752.0	2804.0	2826.0	2770.0	2692.0	2598.0	2052.0	495.0
SRR8571619_1	X	19.0	20.0	21.0	22.0	23.0	24.0	25.0	26.0	27.0	28.0	29.0	30.0	31.0	32.0	33.0	34.0	35.0	36.0	37.0	38.0
SRR8571619_1	Y	1.0	1.0	7.0	26.0	31.0	58.0	70.0	89.0	123.0	131.0	166.0	214.0	276.0	401.0	636.0	787.0	1216.0	2368.0	7841.0	843.0
SRR8571619_2	X	15.0	16.0	17.0	18.0	19.0	20.0	21.0	22.0	23.0	24.0	25.0	26.0	27.0	28.0	29.0	30.0	31.0	32.0	33.0	34.0	35.0	36.0	37.0
SRR8571619_2	Y	2.0	8.0	19.0	28.0	42.0	48.0	67.0	84.0	132.0	190.0	223.0	341.0	440.0	584.0	695.0	947.0	1129.0	1349.0	1658.0	2063.0	2249.0	2254.0	733.0
SRR8571620_1	X	15.0	16.0	17.0	18.0	19.0	20.0	21.0	22.0	23.0	24.0	25.0	26.0	27.0	28.0	29.0	30.0	31.0	32.0	33.0	34.0	35.0	36.0	37.0	38.0
SRR8571620_1	Y	1.0	0.0	0.0	3.0	17.0	69.0	213.0	1127.0	3798.0	4872.0	4960.0	5201.0	5600.0	6436.0	7503.0	9165.0	11515.0	14647.0	18980.0	26684.0	42110.0	77736.0	183981.0	1238.0
SRR8571620_2	X	13.0	14.0	15.0	16.0	17.0	18.0	19.0	20.0	21.0	22.0	23.0	24.0	25.0	26.0	27.0	28.0	29.0	30.0	31.0	32.0	33.0	34.0	35.0	36.0	37.0
SRR8571620_2	Y	1.0	3.0	23.0	133.0	539.0	1104.0	1457.0	2212.0	2889.0	3933.0	5592.0	8525.0	13600.0	21257.0	30331.0	44520.0	64225.0	56299.0	53330.0	46800.0	30786.0	15992.0	10366.0	8469.0	3470.0
SRR8571621_1	X	19.0	20.0	21.0	22.0	23.0	24.0	25.0	26.0	27.0	28.0	29.0	30.0	31.0	32.0	33.0	34.0	35.0	36.0	37.0	38.0
SRR8571621_1	Y	3.0	7.0	25.0	60.0	102.0	133.0	190.0	222.0	300.0	383.0	432.0	549.0	710.0	828.0	1061.0	1390.0	1719.0	2386.0	2208.0	9.0
SRR8571621_2	X	14.0	15.0	16.0	17.0	18.0	19.0	20.0	21.0	22.0	23.0	24.0	25.0	26.0	27.0	28.0	29.0	30.0	31.0	32.0	33.0	34.0	35.0	36.0	37.0
SRR8571621_2	Y	1.0	1.0	5.0	12.0	28.0	20.0	32.0	68.0	73.0	136.0	191.0	287.0	465.0	560.0	704.0	899.0	1117.0	1290.0	1401.0	1541.0	1605.0	1422.0	773.0	86.0
SRR8571622_1	X	18.0	19.0	20.0	21.0	22.0	23.0	24.0	25.0	26.0	27.0	28.0	29.0	30.0	31.0	32.0	33.0	34.0	35.0	36.0	37.0	38.0
SRR8571622_1	Y	1.0	2.0	10.0	31.0	119.0	264.0	414.0	516.0	617.0	811.0	1013.0	1150.0	1563.0	2043.0	2879.0	4049.0	5524.0	7964.0	13980.0	47507.0	1291.0
SRR8571622_2	X	15.0	16.0	17.0	18.0	19.0	20.0	21.0	22.0	23.0	24.0	25.0	26.0	27.0	28.0	29.0	30.0	31.0	32.0	33.0	34.0	35.0	36.0	37.0	38.0
SRR8571622_2	Y	4.0	16.0	96.0	207.0	348.0	491.0	659.0	832.0	1101.0	1380.0	1957.0	2554.0	3132.0	3909.0	4807.0	5673.0	6670.0	7695.0	9046.0	10731.0	12478.0	12665.0	5296.0	1.0
SRR8571623_1	X	18.0	19.0	20.0	21.0	22.0	23.0	24.0	25.0	26.0	27.0	28.0	29.0	30.0	31.0	32.0	33.0	34.0	35.0	36.0	37.0	38.0
SRR8571623_1	Y	1.0	0.0	8.0	26.0	32.0	60.0	95.0	93.0	114.0	151.0	152.0	201.0	268.0	339.0	392.0	451.0	546.0	695.0	967.0	902.0	3.0
SRR8571623_2	X	16.0	17.0	18.0	19.0	20.0	21.0	22.0	23.0	24.0	25.0	26.0	27.0	28.0	29.0	30.0	31.0	32.0	33.0	34.0	35.0	36.0	37.0
SRR8571623_2	Y	14.0	12.0	38.0	37.0	28.0	53.0	52.0	71.0	130.0	143.0	227.0	264.0	319.0	394.0	471.0	498.0	618.0	656.0	639.0	549.0	258.0	25.0
SRR8571624_1	X	18.0	19.0	20.0	21.0	22.0	23.0	24.0	25.0	26.0	27.0	28.0	29.0	30.0	31.0	32.0	33.0	34.0	35.0	36.0	37.0	38.0
SRR8571624_1	Y	2.0	6.0	19.0	55.0	116.0	205.0	302.0	312.0	439.0	498.0	627.0	766.0	934.0	1114.0	1379.0	1703.0	2131.0	2648.0	3590.0	3065.0	11.0
SRR8571624_2	X	9.0	10.0	11.0	12.0	13.0	14.0	15.0	16.0	17.0	18.0	19.0	20.0	21.0	22.0	23.0	24.0	25.0	26.0	27.0	28.0	29.0	30.0	31.0	32.0	33.0	34.0	35.0	36.0	37.0
SRR8571624_2	Y	1.0	0.0	0.0	1.0	2.0	1.0	1.0	11.0	24.0	34.0	39.0	58.0	85.0	106.0	189.0	281.0	431.0	578.0	832.0	1038.0	1269.0	1557.0	1903.0	2181.0	2460.0	2668.0	2541.0	1454.0	177.0
SRR8571625_1	X	16.0	17.0	18.0	19.0	20.0	21.0	22.0	23.0	24.0	25.0	26.0	27.0	28.0	29.0	30.0	31.0	32.0	33.0	34.0	35.0	36.0	37.0	38.0
SRR8571625_1	Y	1.0	0.0	0.0	1.0	12.0	23.0	54.0	116.0	179.0	243.0	311.0	438.0	514.0	629.0	780.0	1075.0	1491.0	1912.0	2881.0	4127.0	7430.0	20256.0	530.0
SRR8571625_2	X	14.0	15.0	16.0	17.0	18.0	19.0	20.0	21.0	22.0	23.0	24.0	25.0	26.0	27.0	28.0	29.0	30.0	31.0	32.0	33.0	34.0	35.0	36.0	37.0
SRR8571625_2	Y	1.0	2.0	3.0	32.0	96.0	168.0	253.0	391.0	593.0	839.0	1142.0	1454.0	1880.0	2125.0	2519.0	2920.0	3203.0	3478.0	3805.0	3970.0	4515.0	4599.0	4013.0	1002.0
SRR8571626_1	X	20.0	21.0	22.0	23.0	24.0	25.0	26.0	27.0	28.0	29.0	30.0	31.0	32.0	33.0	34.0	35.0	36.0	37.0	38.0
SRR8571626_1	Y	4.0	12.0	50.0	113.0	157.0	158.0	159.0	212.0	241.0	305.0	327.0	465.0	578.0	731.0	1064.0	1409.0	2242.0	6318.0	50.0
SRR8571626_2	X	15.0	16.0	17.0	18.0	19.0	20.0	21.0	22.0	23.0	24.0	25.0	26.0	27.0	28.0	29.0	30.0	31.0	32.0	33.0	34.0	35.0	36.0	37.0
SRR8571626_2	Y	3.0	14.0	46.0	74.0	125.0	161.0	188.0	261.0	358.0	486.0	666.0	848.0	1143.0	1366.0	1679.0	964.0	961.0	986.0	1002.0	1018.0	1014.0	952.0	280.0
SRR8571627_1	X	19.0	20.0	21.0	22.0	23.0	24.0	25.0	26.0	27.0	28.0	29.0	30.0	31.0	32.0	33.0	34.0	35.0	36.0	37.0	38.0
SRR8571627_1	Y	1.0	3.0	40.0	141.0	256.0	322.0	422.0	519.0	559.0	739.0	859.0	1044.0	1561.0	1991.0	2599.0	3556.0	5280.0	9419.0	30359.0	524.0
SRR8571627_2	X	15.0	16.0	17.0	18.0	19.0	20.0	21.0	22.0	23.0	24.0	25.0	26.0	27.0	28.0	29.0	30.0	31.0	32.0	33.0	34.0	35.0	36.0	37.0
SRR8571627_2	Y	1.0	11.0	48.0	135.0	254.0	355.0	465.0	649.0	810.0	1104.0	1481.0	1992.0	2354.0	2934.0	3454.0	3943.0	4521.0	5179.0	6004.0	6862.0	7687.0	7617.0	2334.0
SRR8571628_1	X	17.0	18.0	19.0	20.0	21.0	22.0	23.0	24.0	25.0	26.0	27.0	28.0	29.0	30.0	31.0	32.0	33.0	34.0	35.0	36.0	37.0	38.0
SRR8571628_1	Y	1.0	0.0	3.0	10.0	26.0	68.0	114.0	176.0	281.0	360.0	513.0	653.0	852.0	1111.0	1548.0	2142.0	3031.0	4490.0	6953.0	12601.0	46406.0	1312.0
SRR8571628_2	X	15.0	16.0	17.0	18.0	19.0	20.0	21.0	22.0	23.0	24.0	25.0	26.0	27.0	28.0	29.0	30.0	31.0	32.0	33.0	34.0	35.0	36.0	37.0	38.0
SRR8571628_2	Y	4.0	8.0	35.0	92.0	180.0	239.0	370.0	545.0	722.0	1000.0	1394.0	1831.0	2335.0	3144.0	3782.0	4791.0	5890.0	7024.0	8618.0	10346.0	12233.0	12995.0	5072.0	1.0
SRR8571629_1	X	14.0	15.0	16.0	17.0	18.0	19.0	20.0	21.0	22.0	23.0	24.0	25.0	26.0	27.0	28.0	29.0	30.0	31.0	32.0	33.0	34.0	35.0	36.0	37.0	38.0
SRR8571629_1	Y	1.0	27.0	22.0	17.0	11.0	4.0	5.0	8.0	7.0	31.0	53.0	78.0	87.0	107.0	148.0	184.0	217.0	307.0	410.0	544.0	764.0	1055.0	1641.0	6612.0	449.0
SRR8571629_2	X	14.0	15.0	16.0	17.0	18.0	19.0	20.0	21.0	22.0	23.0	24.0	25.0	26.0	27.0	28.0	29.0	30.0	31.0	32.0	33.0	34.0	35.0	36.0	37.0
SRR8571629_2	Y	2.0	15.0	30.0	20.0	30.0	35.0	30.0	52.0	56.0	65.0	107.0	130.0	194.0	275.0	418.0	545.0	658.0	885.0	1149.0	1332.0	1677.0	1941.0	2133.0	1010.0
SRR8571630_1	X	20.0	21.0	22.0	23.0	24.0	25.0	26.0	27.0	28.0	29.0	30.0	31.0	32.0	33.0	34.0	35.0	36.0	37.0	38.0
SRR8571630_1	Y	1.0	7.0	18.0	41.0	86.0	110.0	117.0	161.0	190.0	237.0	324.0	433.0	579.0	853.0	1141.0	1832.0	3237.0	12227.0	1009.0
SRR8571630_2	X	16.0	17.0	18.0	19.0	20.0	21.0	22.0	23.0	24.0	25.0	26.0	27.0	28.0	29.0	30.0	31.0	32.0	33.0	34.0	35.0	36.0	37.0
SRR8571630_2	Y	2.0	8.0	36.0	49.0	63.0	93.0	124.0	135.0	211.0	326.0	432.0	615.0	791.0	1019.0	1285.0	1623.0	2010.0	2436.0	2971.0	3442.0	3639.0	1293.0
